(315,78,95)
(361,147,32)
(672,549,87)
(913,848,72)
(967,926,82)
(9,384,103)
(867,970,3)
(422,44,133)
(934,929,134)
(89,479,137)
(781,308,74)
(361,902,35)
(716,513,105)
(62,796,75)
(199,831,132)
(391,214,100)
(446,605,139)
(214,57,122)
(24,426,110)
(710,880,31)
(389,287,125)
(755,28,20)
(427,320,99)
(491,435,80)
(21,63,108)
(494,906,51)
(746,743,117)
(386,484,125)
(754,375,76)
(791,259,120)
(906,151,193)
(397,217,13)
(237,814,52)
(474,609,59)
(876,663,85)
(933,680,44)
(669,760,88)
(521,277,88)
(426,134,105)
(663,510,54)
(282,598,95)
(103,663,23)
(588,403,73)
(800,157,41)
(789,572,107)
(756,72,166)
(495,954,22)
(64,955,100)
(608,766,69)
(943,871,61)
(615,451,82)
(706,344,112)
(520,11,102)
(367,794,145)
(727,589,148)
(466,21,129)
(657,8,67)
(528,753,45)
(128,112,146)
(8,900,30)
(983,258,98)
(421,280,80)
(821,268,109)
(608,410,19)
(615,583,43)
(393,707,40)
(78,926,154)
(77,696,113)
(368,455,27)
(871,121,145)
(326,277,159)
(934,639,180)
(41,967,70)
(875,226,61)
(33,895,84)
(93,763,86)
(504,71,135)
(439,114,108)
(204,247,143)
(881,93,7)
(951,912,70)
(920,647,74)
(602,397,17)
(599,525,108)
(516,6,65)
(778,566,80)
(52,887,48)
(894,701,87)
(268,26,35)
(594,96,97)
(242,57,135)
(103,436,110)
(859,371,77)
(641,638,60)
(486,215,79)
(801,240,87)
(736,205,70)
(366,544,67)
(847,767,48)
(838,246,97)
(91,310,93)
(707,303,92)
(859,585,100)
(153,733,63)
(992,931,14)
(606,874,68)
(81,125,150)
(752,297,48)
(96,159,139)
(3,410,94)
(665,572,120)
(436,740,139)
(849,131,37)
(101,673,29)
(846,936,130)
(710,56,64)
(19,88,106)
(386,736,104)
(61,499,32)
(201,496,97)
(311,649,91)
(18,477,167)
(840,7,39)
(865,238,64)
(89,644,137)
(787,624,78)
(926,713,120)
(394,377,48)
(694,580,174)
(492,270,74)
(71,213,115)
(843,199,174)
(823,418,17)
(183,122,117)
(130,461,110)
(336,252,53)
(558,590,22)
(625,553,67)
(971,747,148)
(892,340,89)
(386,869,43)
(707,157,24)
(856,147,144)
(412,238,67)
(881,325,23)
(180,583,70)
(734,209,73)
(831,772,59)
(297,427,35)
(811,456,172)
(681,956,163)
(391,249,147)
(221,609,146)
(846,202,145)
(353,16,2)
(886,947,89)
(590,278,49)
(150,422,117)
(221,134,58)
(680,677,109)
(190,875,88)
(181,142,132)
(370,403,142)
(488,635,58)
(942,1000,99)
(453,126,39)
(426,691,173)
(356,120,85)
(832,318,144)
(608,611,122)
(461,429,187)
(821,274,8)
(315,969,88)
(585,864,98)
(557,545,111)
(517,574,123)
(528,988,52)
(248,323,130)
(735,52,8)
(518,604,86)
(874,618,22)
(180,217,10)
(143,720,146)
(302,677,79)
(150,571,103)
(970,65,158)
(677,168,134)
(580,503,163)
(571,480,93)
(492,985,170)
(561,664,72)
(937,559,99)
(883,808,83)
(712,864,63)
(787,72,21)
(663,67,46)
(707,381,166)
(246,469,13)
(895,311,168)
(527,159,112)
(501,41,31)
(190,939,81)
(792,557,109)
(482,534,103)
(951,127,60)
(78,309,133)
(188,854,52)
(129,879,170)
(409,926,176)
(972,466,93)
(857,508,101)
(995,282,88)
(79,466,121)
(149,176,144)
(966,410,136)
(45,974,109)
(596,687,80)
(855,563,49)
(170,183,86)
(76,334,54)
(316,406,12)
(60,800,167)
(854,300,141)
(46,464,154)
(826,862,115)
(795,272,88)
(213,946,90)
(653,855,127)
(662,795,80)
(668,968,37)
(213,59,168)
(596,883,69)
(185,78,130)
(972,456,62)
(74,926,162)
(28,661,132)
(92,492,108)
(71,839,50)
(353,136,106)
(55,848,141)
(349,263,142)
(373,187,44)
(302,238,161)
(226,611,160)
(289,162,36)
(128,12,163)
(17,895,63)
(698,911,110)
(411,580,105)
(522,46,151)
(699,506,102)
(859,141,140)
(435,35,87)
(948,34,164)
(945,534,70)
(282,421,43)
(512,730,167)
(917,287,127)
(359,432,71)
(909,562,75)
(942,716,122)
(143,205,88)
(57,733,90)
(440,369,73)
(27,618,81)
(794,17,101)
(99,324,191)
(950,735,103)
(801,109,144)
(427,547,123)
(113,111,83)
(361,10,56)
(422,254,88)
(273,294,170)
(434,696,142)
(980,682,96)
(935,495,88)
(803,795,122)
(547,814,126)
(120,285,161)
(285,113,131)
(393,922,123)
(902,957,179)
(592,613,111)
(637,974,188)
(440,256,99)
(946,6,150)
(554,599,107)
(481,944,23)
(529,257,112)
(280,263,46)
(937,806,92)
(283,769,124)
(787,673,117)
(622,844,102)
(832,253,14)
(913,145,103)
(729,399,116)
(208,761,15)
(532,526,70)
(286,452,14)
(505,172,158)
(598,860,63)
(62,686,53)
(497,956,150)
(361,678,89)
(666,850,154)
(551,722,84)
(952,250,94)
(101,714,71)
(540,341,50)
(881,917,69)
(829,947,90)
(961,199,182)
(301,800,96)
(456,212,12)
(431,62,35)
(927,926,95)
(929,771,130)
(95,770,77)
(178,37,12)
(555,458,99)
(425,73,47)
(759,765,70)
(763,645,76)
(32,296,77)
(767,40,110)
(630,375,153)
(823,741,58)
(162,992,105)
(58,37,99)
(39,596,81)
(605,136,134)
(139,677,113)
(485,244,159)
(148,834,165)
(36,588,94)
(155,461,117)
(986,803,87)
(167,144,100)
(189,973,80)
(382,776,90)
(449,126,86)
(553,21,121)
(925,653,97)
(382,884,92)
(515,227,112)
(638,203,59)
(947,857,117)
(791,159,58)
(985,901,99)
(661,340,77)
(770,199,110)
(337,899,151)
(815,575,74)
(132,760,71)
(477,64,164)
(497,783,73)
(690,826,140)
(346,192,56)
(66,660,53)
(343,112,171)
(526,410,160)
(521,290,113)
(100,166,110)
(878,406,20)
(157,508,43)
(539,70,89)
(58,382,128)
(583,441,118)
(257,642,76)
(939,114,165)
(500,931,115)
(730,292,126)
(710,576,59)
(729,743,131)
(867,295,171)
(656,538,127)
(929,474,117)
(598,800,87)
(720,907,10)
(857,511,93)
(893,550,89)
(352,374,68)
(869,854,126)
(129,51,96)
(109,202,108)
(680,237,89)
(860,800,84)
(888,505,70)
(500,428,30)
(654,16,180)
(682,371,57)
(53,191,132)
(115,902,138)
(538,411,116)
(91,114,75)
(451,412,104)
(594,387,168)
(456,17,54)
(516,741,61)
(762,477,98)
(199,553,153)
(231,472,81)
(382,445,103)
(191,666,65)
(202,820,167)
(424,416,119)
(705,458,108)
(514,524,176)
(968,429,90)
(395,931,73)
(134,559,179)
(966,858,68)
(873,133,84)
(623,190,112)
(129,457,121)
(873,922,134)
(700,850,87)
(469,162,119)
(476,246,143)
(932,970,104)
(362,26,115)
(793,717,168)
(18,15,38)
(482,879,129)
(536,6,69)
(177,43,120)
(491,282,68)
(450,725,34)
(464,920,50)
(803,233,138)
(176,122,147)
(676,860,159)
(191,965,69)
(563,319,128)
(4,326,129)
(877,507,27)
(95,183,54)
(236,692,99)
(197,327,185)
(643,518,15)
(889,994,37)
(791,30,151)
(581,181,74)
(941,695,102)
(936,133,13)
(319,829,8)
(542,869,178)
(517,750,143)
(475,215,139)
(773,315,60)
(146,260,122)
(148,239,76)
(396,312,153)
(479,335,23)
(860,239,74)
(228,461,67)
(326,770,81)
(743,277,78)
(155,275,48)
(726,942,91)
(705,740,91)
(301,440,49)
(12,464,57)
(113,339,91)
(909,522,108)
(319,208,146)
(915,515,130)
(585,740,99)
(940,360,18)
(231,391,63)
(330,819,74)
(438,225,118)
(447,308,64)
(404,96,164)
(777,11,182)
(180,624,61)
(883,594,33)
(340,842,47)
(761,278,86)
(33,242,115)
(640,333,80)
(432,844,73)
(671,101,171)
(568,429,41)
(956,971,74)
(207,231,64)
(195,918,105)
(952,194,182)
(385,241,100)
(54,428,156)
(505,341,86)
(519,596,152)
(707,129,79)
(918,934,13)
(251,325,49)
(586,483,139)
(770,900,81)
(531,171,46)
(805,271,87)
(450,991,89)
(960,919,151)
(955,123,76)
(938,230,20)
(632,708,78)
(879,553,154)
(340,307,138)
(99,537,104)
(194,580,100)
(302,487,171)
(911,429,71)
(595,761,70)
(798,406,42)
(214,679,64)
(56,650,91)
(728,260,95)
(948,642,112)
(782,98,71)
(804,29,114)
(217,320,73)
(283,790,85)
(771,101,71)
(25,365,117)
(184,744,136)
(400,360,42)
(139,592,98)
(185,517,75)
(995,884,96)
(363,805,101)
(558,310,63)
(823,358,75)
(640,734,95)
(744,558,62)
(935,335,43)
(860,875,100)
(934,225,49)
(875,951,39)
(439,545,126)
(837,808,47)
(669,487,151)
(261,315,103)
(441,451,56)
(843,888,122)
(101,61,82)
(877,918,84)
(589,696,8)
(185,61,155)
(217,263,115)
(225,147,65)
(878,664,82)
(975,479,115)
(608,974,96)
(495,249,163)
(128,878,134)
(246,295,84)
(956,989,168)
(379,423,80)
(18,364,79)
(203,968,155)
(388,263,127)
(471,260,51)
(761,171,102)
(746,419,84)
(825,749,87)
(466,255,64)
(386,583,99)
(37,84,143)
(598,544,142)
(622,403,111)
(550,686,131)
(849,21,89)
(613,847,51)
(365,51,82)
(257,117,146)
(705,786,15)
(963,32,125)
(344,541,103)
(792,467,53)
(136,308,132)
(437,997,78)
(161,405,24)
(541,856,68)
(258,228,146)
(219,696,175)
(716,438,96)
(80,498,31)
(171,850,113)
(613,386,123)
(29,267,118)
(349,513,197)
(700,191,119)
(603,170,115)
(258,490,101)
(615,383,121)
(851,164,155)
(938,758,67)
(414,848,81)
(977,798,124)
(769,883,155)
(451,765,68)
(437,959,104)
(156,80,155)
(247,84,63)
(19,561,174)
(81,189,168)
(58,77,92)
(209,814,111)
(596,926,138)
(755,843,4)
(653,677,71)
(477,366,123)
(555,267,106)
(751,318,142)
(908,614,124)
(323,436,124)
(842,532,184)
(667,34,65)
(962,420,161)
(405,253,66)
(876,693,65)
(818,611,119)
(221,485,138)
(331,50,46)
(988,910,147)
(478,538,129)
(527,589,123)
(693,527,82)
(814,766,148)
(30,44,174)
(124,943,21)
(400,65,79)
(231,268,99)
(944,400,89)
(328,628,129)
(103,626,38)
(557,816,78)
(81,644,53)
(211,702,143)
(404,407,80)
(645,598,82)
(585,277,128)
(977,189,108)
(690,399,92)
(214,59,97)
(74,138,45)
(331,954,99)
(833,458,105)
(57,320,73)
(84,394,128)
(284,397,96)
(529,428,136)
(246,45,32)
(213,53,47)
(157,366,31)
(915,187,91)
(994,824,170)
(49,626,97)
(650,498,71)
(951,33,30)
(974,78,58)
(167,65,90)
(44,771,95)
(98,224,90)
(238,810,86)
(961,494,133)
(852,574,142)
(123,776,56)
(801,227,102)
(957,251,68)
(3,314,121)
(395,149,64)
(940,755,165)
(508,878,97)
(18,796,81)
(970,5,151)
(572,148,162)
(176,302,169)
(28,473,29)
(718,78,54)
(237,946,41)
(325,929,129)
(787,24,176)
(83,676,192)
(405,994,130)
(273,402,11)
(144,979,93)
(176,54,66)
(532,447,49)
(106,447,71)
(928,46,111)
(938,91,129)
(739,396,38)
(255,378,40)
(114,86,111)
(624,751,41)
(516,130,26)
(241,917,57)
(696,863,69)
(267,817,89)
(317,497,61)
(535,564,64)
(640,292,158)
(864,799,136)
(577,815,81)
(458,302,117)
(778,635,108)
(226,663,66)
(412,538,55)
(803,235,55)
(489,510,36)
(985,617,79)
(714,500,124)
(166,623,94)
(259,948,93)
(604,780,118)
(603,837,132)
(924,428,25)
(300,752,57)
(500,667,102)
(36,341,69)
(199,467,112)
(125,640,50)
(771,445,95)
(518,182,17)
(104,953,142)
(797,477,56)
(770,234,123)
(181,518,81)
(496,385,104)
(566,64,91)
(879,650,144)
(19,187,92)
(342,748,134)
(20,944,128)
(454,984,157)
(708,25,113)
(570,559,165)
(264,209,88)
(644,731,6)
(95,948,101)
(763,31,125)
(84,550,59)
(96,821,51)
(1,441,20)
(711,412,48)
(569,490,82)
(235,165,151)
(823,26,58)
(274,38,23)
(897,780,123)
(547,567,54)
(358,610,100)
(414,599,103)
(289,668,98)
(745,110,33)
(150,463,195)
(244,397,111)
(479,391,101)
(364,250,31)
(781,328,85)
(814,663,87)
(988,757,109)
(501,120,91)
(869,247,72)
(416,251,115)
(981,260,49)
(970,654,110)
(976,463,83)
(740,863,132)
(703,871,29)
(634,37,56)
(572,67,117)
(880,189,84)
(953,536,82)
(203,16,163)
(583,339,148)
(171,337,53)
(198,709,124)
(521,486,98)
(718,334,38)
(835,321,122)
(270,417,139)
(28,147,100)
(10,950,111)
(664,743,99)
(598,211,94)
(805,346,94)
(937,700,14)
(953,633,72)
(122,275,161)
(196,886,39)
(869,249,95)
(129,337,81)
(983,400,36)
(402,141,35)
(546,813,77)
(518,901,101)
(755,661,65)
(934,808,134)
(274,135,82)
(370,292,142)
(640,607,56)
(191,159,122)
(165,459,121)
(333,667,133)
(611,987,179)
(641,884,91)
(17,17,0)
(819,400,180)
(384,246,130)
(738,512,69)
(341,690,150)
(519,778,98)
(604,329,124)
(168,944,47)
(964,879,165)
(94,866,114)
(98,376,131)
(918,623,115)
(931,365,103)
(729,149,74)
(524,419,141)
(305,273,65)
(963,496,119)
(873,297,159)
(556,267,128)
(55,169,138)
(391,643,160)
(481,643,136)
(310,109,142)
(915,9,139)
(89,44,59)
(37,100,102)
(755,620,122)
(859,234,4)
(106,792,69)
(132,714,125)
(994,134,99)
(763,610,26)
(77,456,113)
(439,203,34)
(202,80,97)
(597,930,75)
(657,456,111)
(629,850,121)
(414,136,86)
(667,328,26)
(216,850,70)
(600,976,49)
(431,524,136)
(747,572,45)
(431,427,128)
(339,911,159)
(645,542,162)
(695,878,111)
(130,451,162)
(8,312,22)
(136,141,101)
(882,725,60)
(153,319,21)
(946,275,124)
(297,142,177)
(732,222,114)
(216,142,114)
(105,288,116)
(995,505,94)
(538,867,25)
(319,500,190)
(400,555,34)
(712,602,57)
(340,637,107)
(53,140,136)
(249,10,88)
(440,298,173)
(539,290,120)
(60,816,108)
(457,809,101)
(334,340,47)
(105,195,87)
(351,32,69)
(834,668,21)
(484,32,79)
(402,945,101)
(653,916,110)
(660,512,120)
(783,983,152)
(809,424,22)
(368,968,126)
(260,374,12)
(569,891,31)
(842,298,137)
(756,773,102)
(173,975,40)
(112,589,127)
(185,699,41)
(40,133,112)
(484,267,83)
(584,271,25)
(279,638,164)
(70,97,115)
(4,849,30)
(327,20,123)
(130,957,42)
(978,203,160)
(563,904,71)
(826,557,51)
(253,481,142)
(854,509,61)
(273,729,78)
(713,340,52)
(224,6,108)
(669,184,133)
(51,38,116)
(309,532,79)
(493,239,105)
(669,827,125)
(928,298,41)
(594,98,149)
(979,698,87)
(930,613,101)
(476,814,73)
(279,220,109)
(488,160,163)
(681,274,6)
(389,777,72)
(385,264,76)
(256,408,111)
(245,849,122)
(299,312,134)
(119,537,180)
(897,77,19)
(625,34,113)
(113,687,111)
(233,521,100)
(977,393,102)
(907,793,136)
(600,118,149)
(506,433,109)
(785,949,96)
(549,721,88)
(331,704,97)
(123,38,92)
(352,139,84)
(18,135,120)
(784,27,163)
(330,711,80)
(436,28,123)
(783,861,60)
(145,479,125)
(509,61,48)
(399,540,157)
(101,616,87)
(995,367,107)
(86,157,147)
(724,809,136)
(560,459,169)
(365,653,74)
(449,970,150)
(712,753,56)
(667,659,72)
(744,702,61)
(221,272,69)
(634,861,112)
(142,534,154)
(103,850,117)
(406,898,68)
(952,107,67)
(663,780,101)
(110,317,31)
(962,375,118)
(427,670,77)
(997,512,65)
(417,291,139)
(757,184,93)
(62,570,91)
(470,292,97)
(94,908,182)
(390,573,33)
(325,1,100)
(461,982,97)
(944,332,66)
(523,76,123)
(5,65,170)
(272,298,88)
(276,265,123)
(723,333,139)
(789,39,97)
(254,938,48)
(375,841,174)
(133,615,82)
(372,941,78)
(940,500,65)
(24,612,16)
(3,908,97)
(310,826,83)
(316,973,156)
(854,760,15)
(136,238,129)
(989,123,116)
