Problem 11a

	Players: [1,2,3,4,5,6,7,8,9,10,11,12,13,14,15,16,17,18,19,20]
	Random Player Values for the Item: [2,3,47,38,25,8,36,41,12,23,13,13,13,12,30,15,3,16,8,11]
	Values of Item Bundles for Each Player: [[1*2,2*2,3*2,...][1*3,2*3,3*3,...][1*47,2*47,3*47,...][1*38,2*38,3*38,...]...]

Problem 11b

	Inputs: 
		n: 20
		m: 20
		values: [[2, 4, 6, 8, 10, 12, 14, 16, 18, 20, 22, 24, 26, 28, 30, 32, 34, 36, 38, 40], [3, 6, 9, 12, 15, 18, 21, 24, 27, 30, 33, 36, 39, 42, 45, 48, 51, 54, 57, 60], [47, 94, 141, 188, 235, 282, 329, 376, 423, 470, 517, 564, 611, 658, 705, 752, 799, 846, 893, 940], [38, 76, 114, 152, 190, 228, 266, 304, 342, 380, 418, 456, 494, 532, 570, 608, 646, 684, 722, 760], [25, 50, 75, 100, 125, 150, 175, 200, 225, 250, 275, 300, 325, 350, 375, 400, 425, 450, 475, 500], [8, 16, 24, 32, 40, 48, 56, 64, 72, 80, 88, 96, 104, 112, 120, 128, 136, 144, 152, 160], [36, 72, 108, 144, 180, 216, 252, 288, 324, 360, 396, 432, 468, 504, 540, 576, 612, 648, 684, 720], [41, 82, 123, 164, 205, 246, 287, 328, 369, 410, 451, 492, 533, 574, 615, 656, 697, 738, 779, 820], [12, 24, 36, 48, 60, 72, 84, 96, 108, 120, 132, 144, 156, 168, 180, 192, 204, 216, 228, 240], [23, 46, 69, 92, 115, 138, 161, 184, 207, 230, 253, 276, 299, 322, 345, 368, 391, 414, 437, 460], [13, 26, 39, 52, 65, 78, 91, 104, 117, 130, 143, 156, 169, 182, 195, 208, 221, 234, 247, 260], [13, 26, 39, 52, 65, 78, 91, 104, 117, 130, 143, 156, 169, 182, 195, 208, 221, 234, 247, 260], [13, 26, 39, 52, 65, 78, 91, 104, 117, 130, 143, 156, 169, 182, 195, 208, 221, 234, 247, 260], [12, 24, 36, 48, 60, 72, 84, 96, 108, 120, 132, 144, 156, 168, 180, 192, 204, 216, 228, 240], [30, 60, 90, 120, 150, 180, 210, 240, 270, 300, 330, 360, 390, 420, 450, 480, 510, 540, 570, 600], [15, 30, 45, 60, 75, 90, 105, 120, 135, 150, 165, 180, 195, 210, 225, 240, 255, 270, 285, 300], [3, 6, 9, 12, 15, 18, 21, 24, 27, 30, 33, 36, 39, 42, 45, 48, 51, 54, 57, 60], [16, 32, 48, 64, 80, 96, 112, 128, 144, 160, 176, 192, 208, 224, 240, 256, 272, 288, 304, 320], [8, 16, 24, 32, 40, 48, 56, 64, 72, 80, 88, 96, 104, 112, 120, 128, 136, 144, 152, 160], [11, 22, 33, 44, 55, 66, 77, 88, 99, 110, 121, 132, 143, 154, 165, 176, 187, 198, 209, 220]]
	Outputs: 
		p: [0, 2, 322, 243, 152, 8, 207, 281, 35, 129, 59, 72, 85, 47, 177, 98, 5, 113, 16, 24]
		M: [0, 1, 19, 17, 14, 3, 16, 18, 6, 13, 8, 9, 10, 7, 15, 11, 2, 12, 4, 5]
