MATCHING_OR_CSET TESTS

Figure 8.3
	Inputs: 
		n: 3
		values: [[4, 12, 5], [7, 10, 9], [7, 7, 10]]
	Outputs: 
		Constricted Set: ['player_0', 'player_2', 'player_1']

Test Example 1
Inputs: 
		n: 10
		values: [[12, 3, 4, 5, 7, 8, 10, 11, 6, 6], [3, 5, 7, 3, 2, 10, 9, 14, 16, 10], [1, 11, 7, 3, 9, 15, 5, 18, 3, 18], [10, 1, 1, 17, 12, 13, 3, 4, 2, 8], [6, 16, 3, 15, 14, 1, 0, 11, 11, 3], [2, 17, 8, 10, 13, 12, 16, 4, 6, 14], [7, 20, 9, 13, 20, 18, 12, 20, 11, 4], [12, 0, 4, 7, 6, 19, 9, 10, 9, 11], [8, 8, 16, 5, 10, 4, 1, 8, 6, 18], [2, 15, 9, 15, 3, 10, 16, 1, 7, 20]]
	Outputs: 
		Constricted Set: ['player_0', 'player_6', 'player_2', 'player_5', 'player_1', 'player_4', 'player_9', 'player_3', 'player_8', 'player_7']

Test Example 2
Inputs: 
		n: 10
		values: [[1, 14, 3, 0, 16, 20, 18, 17, 13, 10], [17, 7, 2, 0, 4, 2, 8, 15, 10, 1], [10, 1, 18, 10, 12, 0, 10, 14, 5, 2], [14, 13, 17, 12, 6, 5, 15, 20, 7, 15], [6, 10, 18, 11, 12, 16, 5, 18, 14, 6], [19, 9, 1, 16, 8, 7, 15, 14, 12, 5], [1, 8, 18, 1, 6, 18, 20, 8, 19, 16], [2, 7, 20, 3, 16, 11, 18, 20, 2, 7], [17, 20, 18, 2, 1, 18, 17, 12, 16, 5], [20, 14, 16, 13, 13, 0, 9, 4, 8, 19]]
	Outputs: 
		Constricted Set: ['player_0', 'player_6', 'player_2', 'player_5', 'player_1', 'player_4', 'player_9', 'player_3', 'player_8', 'player_7']

Test Example 3
Inputs: 
		n: 10
		values: [[6, 9, 13, 12, 0, 10, 9, 11, 0, 4], [16, 20, 16, 8, 1, 12, 20, 7, 20, 16], [16, 6, 13, 10, 2, 10, 17, 11, 18, 7], [1, 9, 19, 4, 1, 10, 13, 10, 15, 0], [5, 9, 15, 1, 9, 4, 4, 12, 1, 0], [9, 0, 3, 8, 12, 9, 13, 6, 3, 20], [3, 6, 4, 13, 18, 5, 0, 18, 9, 3], [17, 4, 11, 18, 18, 0, 3, 4, 12, 4], [17, 12, 14, 15, 17, 3, 7, 19, 6, 6], [15, 12, 2, 16, 11, 20, 7, 0, 1, 9]]
	Outputs: 
		Constricted Set: ['player_0', 'player_6', 'player_2', 'player_5', 'player_4', 'player_9', 'player_3', 'player_8', 'player_7']


MARKET_EQ TESTS

Figure 8.3
	Inputs: 
		n: 3
		values: [[4, 12, 5], [7, 10, 9], [7, 7, 10]]
	Outputs: 
		p: [0, 3, 3]
		M: [1, 0, 2]

Test Example 1
	Inputs: 
		n: 10
		values: [[12, 3, 4, 5, 7, 8, 10, 11, 6, 6], [3, 5, 7, 3, 2, 10, 9, 14, 16, 10], [1, 11, 7, 3, 9, 15, 5, 18, 3, 18], [10, 1, 1, 17, 12, 13, 3, 4, 2, 8], [6, 16, 3, 15, 14, 1, 0, 11, 11, 3], [2, 17, 8, 10, 13, 12, 16, 4, 6, 14], [7, 20, 9, 13, 20, 18, 12, 20, 11, 4], [12, 0, 4, 7, 6, 19, 9, 10, 9, 11], [8, 8, 16, 5, 10, 4, 1, 8, 6, 18], [2, 15, 9, 15, 3, 10, 16, 1, 7, 20]]
	Outputs: 
		p: [2, 2, 0, 2, 2, 2, 1, 2, 2, 2]
		M: [0, 8, 7, 3, 1, 6, 4, 5, 2, 9]

Test Example 2
Inputs: 
		n: 10
		values: [[1, 14, 3, 0, 16, 20, 18, 17, 13, 10], [17, 7, 2, 0, 4, 2, 8, 15, 10, 1], [10, 1, 18, 10, 12, 0, 10, 14, 5, 2], [14, 13, 17, 12, 6, 5, 15, 20, 7, 15], [6, 10, 18, 11, 12, 16, 5, 18, 14, 6], [19, 9, 1, 16, 8, 7, 15, 14, 12, 5], [1, 8, 18, 1, 6, 18, 20, 8, 19, 16], [2, 7, 20, 3, 16, 11, 18, 20, 2, 7], [17, 20, 18, 2, 1, 18, 17, 12, 16, 5], [20, 14, 16, 13, 13, 0, 9, 4, 8, 19]]
	Outputs: 
		p: ([5, 5, 5, 2, 0, 4, 2, 5, 1, 4], [5, 0, 2, 7, 8, 3, 6, 4, 1, 9])
		M: ([5, 5, 5, 2, 0, 4, 2, 5, 1, 4], [5, 0, 2, 7, 8, 3, 6, 4, 1, 9])

Test Example 3
Inputs: 
		n: 10
		values: [[6, 9, 13, 12, 0, 10, 9, 11, 0, 4], [16, 20, 16, 8, 1, 12, 20, 7, 20, 16], [16, 6, 13, 10, 2, 10, 17, 11, 18, 7], [1, 9, 19, 4, 1, 10, 13, 10, 15, 0], [5, 9, 15, 1, 9, 4, 4, 12, 1, 0], [9, 0, 3, 8, 12, 9, 13, 6, 3, 20], [3, 6, 4, 13, 18, 5, 0, 18, 9, 3], [17, 4, 11, 18, 18, 0, 3, 4, 12, 4], [17, 12, 14, 15, 17, 3, 7, 19, 6, 6], [15, 12, 2, 16, 11, 20, 7, 0, 1, 9]]
	Outputs: 
		p: ([2, 0, 5, 3, 4, 5, 0, 4, 1, 5], [3, 1, 6, 8, 2, 9, 4, 0, 7, 5])
		M: ([2, 0, 5, 3, 4, 5, 0, 4, 1, 5], [3, 1, 6, 8, 2, 9, 4, 0, 7, 5])


